export default {
  componentMatrix: [
    [
      0.9224099305201091,
      -0.33999305153114656,
      0.8652978305726063,
      -0.912705053417624,
      -0.9334701833002683,
      0.46600682475687455,
    ],
    [
      -0.12062489433144337,
      -0.9093805492273884,
      0.004494591761250673,
      0.19483921797596107,
      0.12746220370539846,
      0.2038731461088618,
    ],
    [
      0.13782984675469812,
      -0.2240566805886441,
      0.12329160104537089,
      0.0007389775342950852,
      -0.09797537045268799,
      -0.8600301240755815,
    ],
    [
      -0.1302978035787351,
      0.015943969305128373,
      0.024168643912397682,
      0.15407119659238397,
      -0.2587863168543721,
      0.008042802091034057,
    ],
    [
      -0.3112295561308072,
      -0.019972022313440085,
      0.08022598210634609,
      -0.2574252050358511,
      0.008635443975985733,
      -0.034378981225983804,
    ],
    [
      -0.042084843615832375,
      0.08110026910276048,
      0.478558578033472,
      0.1974865785553366,
      0.18905740296764803,
      0.019363993457398816,
    ],
  ],
  corr: [
    [
      1.0,
      -0.2340754050159703,
      0.7663525336637074,
      -0.8135568098132401,
      -0.8668459800206315,
      0.29555619091740293,
    ],
    [
      -0.2340754050159703,
      1.0,
      -0.2883125526268558,
      0.15657883138529036,
      0.23444782148957732,
      -0.14875658410788287,
    ],
    [
      0.7663525336637074,
      -0.2883125526268558,
      1.0,
      -0.7112144719988942,
      -0.7343230596660726,
      0.30481963137361395,
    ],
    [
      -0.8135568098132401,
      0.15657883138529036,
      -0.7112144719988942,
      1.0,
      0.87198698923366,
      -0.37232653322084636,
    ],
    [
      -0.8668459800206315,
      0.23444782148957732,
      -0.7343230596660726,
      0.87198698923366,
      1.0,
      -0.32347292422132856,
    ],
    [
      0.29555619091740293,
      -0.14875658410788287,
      0.30481963137361395,
      -0.37232653322084636,
      -0.32347292422132856,
      1.0,
    ],
  ],
  eigenValues: [
    3.636735148969921,
    0.9373167437399249,
    0.833650815281754,
    0.10858882919914582,
    0.17122314792014454,
    0.312485314889111,
  ],
  eigenvectors: [
    [
      0.4836911406293192,
      -0.12459303307254409,
      0.15095627953209295,
      -0.3954071512428166,
      -0.7521415742103803,
      -0.0752854258584646,
    ],
    [
      -0.17828475329663426,
      -0.9392960008246132,
      -0.24539505558740185,
      0.04838423449428434,
      -0.048265943921733875,
      0.14507998063085212,
    ],
    [
      0.45374283255791015,
      0.0046424481700964694,
      0.13503346212441383,
      0.0733431752211274,
      0.193880353859066,
      0.8560917244781501,
    ],
    [
      -0.47860212009728575,
      0.2012487493867143,
      0.0008093551713332602,
      0.46755088159528213,
      -0.622113790747168,
      0.35328303233319674,
    ],
    [
      -0.4894908898578074,
      0.13165526610228395,
      -0.10730620223091986,
      -0.7853237546416171,
      0.02086908617179542,
      0.33820411034532527,
    ],
    [
      0.2443635580555862,
      0.2105798622790892,
      -0.9419363865870999,
      0.024407022800686396,
      -0.08308292239504632,
      0.034640178470625366,
    ],
  ],
  percent: [
    0.60612252482832,
    0.15621945728998743,
    0.13894180254695895,
    0.01809813819985763,
    0.02853719132002408,
    0.05208088581485182,
  ],
};

export const Validation = {
  kmo: 0.8446176212081956,
  sig: 7.635458224337769e-110,
};
